59.9812957746218
48.576082629092184
47.073419718312095
46.6447323943643
46.61308544598975
46.671181220639426
46.61572206571222
46.79890328640286
46.768893896694124
46.70226478871686
46.88648262909251
46.656112676056324
46.56233615021927
46.66041690139295
46.64773708921737
46.64694835679114
45.79807699528649
44.0734272300613
42.09264976526646
40.79676244132554
40.625667605622
40.792796244134195
41.939230046953085
42.70961126762212
43.38755305165739
44.037040375602146
44.82674929577604
45.209968075097976
45.36445446007846
45.70275305162738
46.02784600940484
45.466486384991526
45.688127699512705
45.67595117369109
45.73423474176923
45.890974647872355
46.26884507040745
46.305412206556696
46.34569765256367
46.57280751173843
46.72355305162776
46.88316244132969
46.743271361486194
46.77479061031315
46.684657276995296
46.69550422533689
46.78113051644709
46.852161502348565
46.899620657261494
46.86902535209745
